0 20 10
1 27 16
2 38 21
3 52 31
4 73 49
5 95 69
6 124 106
7 158 157
8 183 223
9 224 288
10 266 289
11 294 304
12 290 308
13 317 318
14 307 358
15 292 374
16 281 352
17 252 334
18 222 347
19 194 362
20 185 339
21 159 291
22 148 240
23 141 232
24 142 212
25 141 199
26 147 188
27 157 150
28 152 112
29 140 93
30 166 95
31 192 79
32 225 63
33 263 57
34 319 51
35 383 36
36 455 47
37 511 39
38 545 44
39 569 57
40 637 72
41 654 63
42 635 66
43 578 66
44 507 64
45 417 67
46 354 56
47 269 38
48 240 20
49 201 11
50 153 2
51 144 4
52 124 3
53 141 1
